615 1
245 6
619 6
564 11
850 12
768 12
502 13
360 15
282 16
725 17
121 17
454 22
870 22
877 22
431 27
123 28
297 28
959 32
726 32
994 33
473 33
479 34
169 35
465 35
13 35
189 39
20 40
637 45
767 47
363 47
137 48
986 54
287 54
532 54
418 55
382 55
739 55
202 56
34 56
74 58
552 61
293 61
582 61
643 63
495 64
951 64
152 67
551 67
292 71
917 72
965 75
451 76
990 77
491 77
776 78
248 79
503 80
880 81
135 82
399 82
683 85
724 86
787 90
869 92
254 94
508 95
244 96
356 96
441 96
273 98
741 98
237 98
153 99
330 102
729 102
856 109
102 109
199 109
62 110
191 111
426 111
146 113
391 114
56 114
662 114
91 116
228 118
501 118
42 119
545 119
19 121
872 122
222 126
23 128
827 130
979 132
257 132
985 132
476 133
635 136
702 137
49 137
269 145
16 150
891 151
656 154
462 155
927 156
367 158
931 170
29 171
372 172
324 173
47 175
821 179
847 179
83 181
247 181
246 183
609 184
255 185
802 188
24 191
773 192
999 193
743 194
644 197
14 197
286 199
452 205
305 210
89 211
466 212
589 214
734 217
892 220
902 222
267 223
313 224
439 225
86 229
338 234
698 236
680 236
179 237
592 239
575 240
556 240
915 241
670 243
757 245
306 247
679 248
138 257
303 257
444 260
317 266
866 266
596 269
977 270
331 270
81 270
997 272
206 272
799 274
779 280
650 281
881 283
182 284
165 286
230 288
627 292
124 294
535 294
864 295
264 297
482 299
601 299
402 302
88 303
807 305
916 306
806 308
301 309
59 312
696 313
437 314
67 316
218 317
930 318
889 318
898 318
64 319
818 323
901 324
498 325
442 326
103 327
131 327
101 329
537 331
936 337
939 342
681 344
289 346
166 346
882 347
714 347
186 348
699 353
652 354
822 356
435 357
811 358
817 360
376 362
261 362
666 363
358 365
954 366
697 370
225 371
536 372
613 373
539 376
715 381
560 382
553 383
370 386
693 387
588 389
379 390
685 392
755 392
113 394
695 394
865 396
612 396
22 397
751 397
904 400
398 403
443 405
371 405
384 406
894 407
677 407
150 410
270 416
375 417
209 418
781 419
691 421
813 422
342 424
180 424
764 425
958 426
972 426
524 427
453 433
671 433
942 436
281 437
311 437
483 439
721 442
396 442
231 442
514 442
750 446
840 446
531 447
604 448
485 452
983 453
455 453
142 454
40 457
15 458
603 458
849 459
141 460
562 462
602 463
777 464
610 464
459 465
655 467
783 468
520 472
961 474
400 478
397 479
920 480
333 483
98 486
374 490
127 492
896 495
876 496
771 505
144 505
657 506
934 510
868 510
973 512
194 517
412 517
478 522
213 522
299 522
933 523
216 525
128 525
11 525
953 525
909 525
26 527
36 528
190 531
3 531
315 533
53 535
940 536
945 536
852 538
320 540
159 542
828 542
46 543
703 546
647 551
731 560
824 565
364 567
616 568
156 572
528 576
851 577
753 578
316 578
174 579
430 580
645 581
300 582
176 582
493 583
845 585
911 586
557 587
436 589
369 592
0 594
730 602
408 607
525 609
660 610
512 611
249 615
837 619
794 624
167 625
833 629
407 634
565 640
905 640
188 650
409 651
925 652
648 653
178 654
263 654
421 656
278 657
226 658
272 659
262 660
327 662
328 663
172 663
719 663
475 663
492 665
383 668
139 671
709 672
926 672
2 673
82 674
321 676
339 695
155 697
760 698
307 702
136 707
903 711
295 712
711 714
713 716
220 717
117 731
835 732
467 742
499 743
672 743
164 744
842 752
518 759
187 759
938 766
533 772
544 773
298 778
690 778
212 778
633 780
252 781
215 781
241 784
256 785
406 785
759 788
505 791
762 792
595 797
732 799
345 801
456 804
304 805
318 812
18 813
590 814
474 815
114 816
689 817
943 821
622 826
80 826
723 829
642 830
801 835
659 835
830 841
95 841
712 845
314 846
464 848
969 849
831 852
839 854
585 856
203 861
447 863
879 865
858 866
626 874
415 877
158 884
347 885
268 885
481 888
705 888
66 888
629 893
980 899
352 902
44 903
745 909
624 915
118 916
224 919
193 925
640 932
388 938
855 939
108 940
785 947
507 950
742 953
838 953
568 956
558 957
355 958
329 964
484 971
417 971
96 975
277 982
432 985
160 987
395 990
922 990
7 997
608 999
912 1009
511 1015
428 1021
266 1022
325 1022
201 1029
823 1031
366 1031
928 1034
258 1036
429 1037
710 1044
546 1050
563 1065
490 1066
632 1070
336 1071
126 1075
173 1080
122 1081
468 1089
708 1090
790 1094
5 1094
171 1097
105 1100
628 1102
567 1102
361 1104
554 1114
992 1116
458 1124
941 1126
688 1132
157 1140
733 1141
978 1141
357 1142
394 1145
378 1149
377 1149
948 1149
322 1154
104 1158
414 1160
988 1164
900 1165
515 1166
111 1171
527 1185
600 1192
716 1199
517 1201
94 1201
170 1203
550 1203
207 1214
843 1222
348 1226
573 1229
197 1230
181 1235
718 1238
591 1241
859 1242
37 1249
899 1252
422 1255
860 1255
163 1256
784 1257
819 1257
309 1262
530 1263
810 1267
991 1268
701 1283
125 1287
513 1287
651 1288
989 1289
578 1290
649 1292
540 1293
504 1296
574 1297
665 1297
792 1306
804 1315
963 1327
678 1329
58 1330
749 1330
618 1337
576 1337
335 1345
946 1350
10 1351
41 1353
707 1354
815 1358
265 1359
448 1370
319 1371
834 1373
147 1383
583 1389
310 1390
4 1394
25 1395
240 1399
308 1402
423 1412
949 1414
234 1416
143 1417
496 1428
890 1437
500 1444
611 1444
906 1444
294 1445
154 1447
424 1448
162 1450
28 1454
33 1460
198 1461
950 1463
97 1466
736 1470
820 1473
846 1480
208 1483
326 1488
641 1494
686 1495
461 1498
469 1502
594 1516
964 1518
812 1518
995 1521
259 1522
630 1523
405 1525
185 1529
867 1530
534 1531
1 1535
168 1538
981 1542
516 1544
486 1547
129 1547
85 1555
639 1572
952 1574
521 1582
857 1588
572 1589
343 1599
68 1601
51 1612
769 1622
740 1632
673 1635
982 1640
351 1641
884 1645
605 1652
31 1666
580 1667
887 1671
814 1672
385 1676
17 1683
735 1689
275 1692
910 1695
967 1695
577 1695
765 1705
130 1711
43 1721
403 1722
45 1728
935 1742
100 1749
923 1753
984 1756
687 1762
975 1764
115 1775
932 1786
805 1789
290 1793
704 1794
110 1801
853 1804
227 1818
623 1845
427 1856
332 1861
763 1862
90 1875
658 1881
449 1890
214 1893
800 1916
706 1923
841 1927
897 1935
913 1939
440 1943
893 1947
55 1959
746 1982
52 1983
35 1984
192 2004
373 2007
210 2009
826 2022
349 2041
774 2046
878 2047
411 2047
832 2062
450 2082
970 2086
387 2089
196 2096
620 2100
280 2108
472 2125
738 2129
334 2146
6 2149
809 2163
579 2164
27 2165
204 2174
744 2177
73 2179
116 2193
296 2210
803 2237
874 2237
523 2244
229 2281
638 2288
780 2306
480 2309
161 2320
242 2325
663 2354
69 2370
788 2386
38 2402
70 2411
392 2420
921 2425
477 2462
78 2471
48 2472
276 2479
634 2492
778 2514
674 2527
752 2578
54 2595
285 2600
593 2601
151 2611
617 2614
236 2618
274 2628
653 2634
413 2637
132 2641
21 2666
606 2668
112 2680
797 2684
390 2685
140 2687
661 2693
998 2713
676 2717
522 2725
960 2732
239 2742
57 2743
782 2767
93 2777
561 2783
175 2791
526 2793
631 2793
944 2794
871 2810
844 2814
569 2835
548 2843
854 2847
694 2847
72 2852
758 2860
597 2883
471 2894
571 2902
581 2943
381 2959
675 2976
918 3012
279 3014
885 3043
509 3044
886 3053
793 3063
350 3069
825 3085
8 3090
798 3103
614 3134
487 3135
75 3151
598 3219
510 3281
795 3361
895 3385
12 3415
489 3420
346 3470
71 3507
205 3605
956 3626
862 3649
401 3667
888 3686
947 3690
919 3710
541 3735
775 3771
720 3864
183 3883
966 3921
538 3982
914 4037
283 4082
682 4132
470 4137
32 4248
39 4258
789 4309
362 4388
460 4438
438 4511
145 4559
177 4629
937 4681
883 4902
120 4973
692 4993
419 5057
494 5102
217 5375
684 5408
354 5835
722 5845
766 6265
829 6810
529 7057
368 7828
