596 5
191 12
954 15
693 15
404 22
646 22
488 26
47 35
291 40
993 46
669 79
221 89
524 91
772 92
337 93
101 93
301 96
654 98
340 102
13 102
106 106
260 111
564 127
232 132
363 136
65 139
566 139
228 155
267 159
398 163
20 166
149 167
667 172
626 174
426 191
880 192
986 201
416 202
924 214
643 215
103 219
781 220
861 220
702 222
50 229
728 229
344 231
990 237
542 257
269 266
248 270
444 286
84 286
391 287
755 298
83 305
451 314
957 316
331 321
153 324
485 327
286 327
552 328
727 331
380 333
917 336
891 337
907 340
551 343
195 345
677 351
457 369
969 369
555 377
455 379
479 381
502 386
549 389
670 392
543 394
637 400
908 402
531 403
866 406
945 407
29 409
81 413
452 415
150 417
465 421
987 430
325 438
827 438
462 449
76 460
508 466
302 467
737 468
927 475
235 485
11 486
60 491
799 493
113 498
42 502
237 506
977 507
776 508
499 520
200 536
816 538
985 539
971 546
166 570
873 575
635 578
292 583
615 583
410 591
91 596
721 601
439 602
604 608
603 630
850 634
959 636
756 637
616 647
495 647
14 653
613 655
672 674
313 677
305 678
497 679
244 687
714 691
167 692
231 707
965 724
627 726
973 729
454 735
324 745
473 755
431 758
877 758
199 766
619 770
9 772
396 772
621 774
856 774
67 781
951 786
466 787
535 791
863 792
751 799
61 805
0 806
570 809
889 810
247 812
704 814
297 840
650 849
870 851
493 853
849 861
644 862
708 871
288 875
909 884
289 901
500 906
463 921
532 927
442 933
501 945
317 950
842 954
645 981
367 990
586 991
994 992
589 994
717 1002
734 1002
660 1008
958 1014
253 1019
252 1021
399 1028
255 1041
872 1047
323 1053
134 1054
590 1060
435 1064
429 1069
848 1070
218 1072
79 1088
726 1090
213 1092
139 1104
739 1109
533 1112
936 1115
202 1119
724 1121
245 1122
483 1132
152 1136
293 1156
261 1165
683 1177
696 1183
94 1190
768 1195
40 1231
382 1240
729 1243
190 1247
652 1270
498 1273
303 1276
520 1291
582 1291
406 1297
189 1305
979 1307
818 1329
219 1333
56 1346
156 1352
135 1355
37 1360
178 1372
539 1376
23 1382
773 1388
179 1389
920 1391
703 1392
679 1394
545 1396
124 1404
743 1406
865 1423
282 1440
762 1461
359 1465
225 1466
864 1470
384 1481
174 1482
264 1491
144 1494
476 1505
131 1509
518 1509
999 1510
491 1510
360 1519
7 1524
546 1540
695 1540
882 1541
475 1547
356 1551
840 1554
822 1554
609 1558
787 1565
953 1565
246 1570
713 1572
330 1574
370 1599
698 1606
810 1608
931 1620
169 1625
123 1641
62 1658
342 1667
80 1675
514 1678
903 1681
257 1684
164 1685
709 1687
997 1687
851 1688
107 1697
388 1705
845 1709
806 1738
306 1766
838 1770
372 1781
892 1785
942 1799
409 1811
656 1822
441 1823
281 1835
898 1836
206 1847
591 1867
315 1871
802 1876
610 1885
774 1886
823 1890
767 1898
901 1901
556 1904
560 1913
757 1914
241 1922
19 1930
277 1936
847 1936
648 1938
34 1943
262 1946
894 1971
503 1976
995 1985
66 2001
383 2021
699 2024
16 2035
188 2040
852 2049
49 2056
632 2057
557 2058
448 2058
481 2067
287 2071
295 2093
930 2095
821 2096
126 2114
128 2117
592 2140
950 2145
182 2145
482 2147
906 2149
59 2153
64 2156
916 2168
837 2168
329 2171
783 2184
170 2192
815 2196
515 2196
436 2199
565 2204
369 2205
741 2207
36 2214
760 2216
394 2248
926 2253
685 2255
270 2261
725 2264
222 2265
633 2278
209 2285
437 2301
86 2301
759 2302
625 2309
731 2316
400 2352
764 2362
671 2384
309 2384
121 2386
428 2394
779 2412
397 2443
311 2447
961 2448
230 2450
90 2462
453 2464
939 2464
813 2483
402 2510
136 2510
333 2520
478 2525
839 2526
278 2527
868 2528
327 2531
379 2531
630 2534
223 2535
77 2539
418 2541
459 2547
160 2549
811 2549
681 2551
858 2559
15 2559
765 2579
666 2599
600 2614
512 2633
716 2654
358 2658
723 2660
935 2669
186 2682
691 2686
580 2694
902 2699
18 2707
273 2710
517 2715
879 2719
95 2723
595 2727
214 2754
662 2759
777 2807
859 2829
869 2836
146 2838
521 2854
318 2862
750 2863
730 2872
832 2877
137 2880
718 2892
458 2910
749 2913
881 2948
407 2956
447 2956
415 2966
905 2969
923 2972
203 2977
642 3009
98 3021
52 3025
471 3031
978 3036
601 3043
980 3048
962 3050
74 3050
896 3064
925 3079
163 3080
753 3087
147 3095
834 3104
243 3111
263 3125
371 3129
846 3140
715 3142
963 3144
173 3149
562 3159
680 3168
240 3168
830 3171
456 3194
216 3195
378 3217
44 3242
464 3245
272 3245
320 3262
608 3272
376 3278
530 3288
361 3289
622 3309
801 3313
824 3318
740 3322
105 3324
934 3333
6 3355
10 3357
697 3371
469 3375
423 3393
5 3396
504 3397
307 3409
915 3410
194 3411
256 3413
374 3444
933 3448
553 3460
651 3473
117 3484
249 3488
794 3512
922 3525
940 3528
544 3534
960 3568
332 3574
857 3575
268 3576
41 3576
224 3581
525 3594
563 3598
853 3609
314 3615
733 3627
588 3633
528 3635
215 3636
536 3638
659 3670
336 3686
558 3690
688 3704
511 3717
943 3720
193 3723
226 3734
22 3766
988 3772
744 3780
375 3789
486 3802
328 3818
575 3829
108 3839
807 3845
912 3881
181 3881
705 3882
831 3886
138 3893
355 3923
964 3926
364 3926
432 3931
932 3952
647 3953
673 3974
212 3983
534 3994
75 4005
835 4006
3 4012
102 4014
208 4023
299 4032
157 4043
732 4058
335 4084
655 4087
89 4100
904 4110
96 4122
678 4124
357 4149
187 4153
143 4194
338 4195
970 4197
165 4211
860 4266
304 4272
285 4277
492 4295
57 4302
352 4302
172 4314
649 4330
911 4360
617 4379
461 4379
602 4383
605 4398
88 4400
657 4453
855 4454
568 4459
210 4470
624 4471
790 4482
33 4483
490 4484
689 4492
507 4499
828 4507
817 4521
843 4538
594 4554
254 4555
176 4566
162 4574
640 4586
201 4616
430 4643
158 4647
948 4657
516 4662
665 4710
422 4727
395 4734
537 4734
421 4765
771 4765
972 4788
392 4796
154 4797
612 4819
321 4825
474 4851
496 4866
719 4867
417 4873
876 4890
805 4897
180 4909
142 5003
620 5006
505 5014
185 5025
745 5043
513 5048
928 5052
468 5056
24 5072
26 5074
884 5080
711 5085
300 5098
443 5101
742 5102
298 5118
569 5126
449 5178
690 5201
941 5252
803 5252
577 5278
887 5279
141 5295
2 5302
780 5309
874 5317
899 5317
68 5336
527 5342
638 5356
127 5411
114 5459
712 5483
403 5487
585 5523
58 5549
578 5551
788 5568
812 5579
641 5587
833 5588
583 5594
265 5620
871 5622
623 5647
366 5682
159 5688
17 5698
825 5701
385 5740
290 5752
53 5768
308 5773
983 5778
707 5803
792 5847
125 5855
611 5856
4 5861
991 5879
345 5882
274 5884
414 5921
85 5944
104 5962
28 5967
100 6006
411 6025
798 6027
310 6029
735 6042
710 6046
653 6050
567 6053
975 6077
348 6105
701 6146
412 6191
968 6208
171 6209
387 6235
574 6243
155 6254
296 6299
347 6312
910 6318
878 6327
981 6371
639 6384
424 6390
763 6434
550 6471
793 6485
523 6497
258 6501
946 6526
168 6539
467 6584
35 6623
900 6624
819 6635
769 6660
116 6680
440 6682
1 6691
789 6694
408 6699
867 6703
572 6748
841 6753
129 6767
259 6800
275 6806
618 6841
526 6842
175 6856
111 6894
220 6976
322 7065
576 7069
319 7112
782 7113
227 7125
343 7155
45 7218
82 7223
938 7234
97 7244
921 7256
628 7259
390 7281
349 7294
484 7304
844 7314
686 7337
658 7351
738 7353
540 7375
548 7377
998 7442
234 7445
629 7448
814 7451
78 7491
778 7501
27 7537
334 7541
405 7558
784 7579
197 7590
118 7617
351 7669
38 7783
207 7802
581 7803
51 7815
130 7828
804 7871
192 7912
48 7913
39 7946
952 7981
984 7998
522 8001
820 8033
826 8077
43 8163
242 8183
992 8187
888 8194
339 8204
746 8239
949 8270
554 8328
947 8337
967 8343
606 8362
573 8426
687 8436
598 8493
758 8529
989 8579
571 8639
944 8662
122 8703
472 8744
579 8767
25 8856
54 8895
69 8975
280 9001
46 9035
509 9056
785 9059
661 9059
684 9128
31 9154
196 9273
229 9282
132 9319
631 9328
800 9332
266 9357
561 9357
614 9391
198 9404
93 9441
736 9445
893 9502
885 9614
21 9659
346 9720
913 9730
326 9734
350 9749
239 9789
276 9828
373 9837
809 10072
674 10165
73 10212
183 10223
494 10226
377 10243
112 10284
634 10332
663 10358
115 10377
854 10404
316 10409
427 10480
886 10502
32 10519
477 10646
593 10805
279 10940
706 10963
70 10963
236 11040
797 11138
918 11166
982 11264
795 11307
151 11383
381 11540
487 11543
161 11585
919 11590
72 11710
675 11778
862 11823
460 11886
538 12140
294 12140
413 12212
401 12303
597 12320
204 12364
470 12455
110 12494
55 12540
890 12637
541 12724
694 12819
752 12980
676 13014
12 13204
450 13324
120 13343
354 13384
71 13436
140 13478
966 13529
480 13540
775 13771
177 13775
8 14249
362 14680
895 14682
283 14727
897 14992
720 15259
145 15706
883 16040
722 16203
937 16311
205 16638
956 17116
692 17203
914 17343
682 17427
766 18250
438 18491
489 18921
217 19326
510 20125
419 20216
829 23121
529 23384
368 28738
